8
RANGPUR 25.7494 89.2611
RAJSHAHI 24.3746 88.6004
MYMENSHING 24.7460 90.4179
SYLHET 24.9048 91.8600
DHAKA 23.8041 90.4152
KHULNA 22.8088 89.2467
BARISHAL 22.7133 90.3496
CHITTAGONG 22.3752 91.8349
0 219 297 503 301 397 464 555
219 0 246 451 250 256 322 503
297 246 0 281 112 332 293 365
503 451 281 0 235 438 400 355
301 250 112 235 0 219 180 252
397 256 332 438 219 0 116 440
464 322 293 400 180 116 0 244
555 503 365 355 252 440 244 0